# Created by Octave 4.0.3, Mon Dec 25 16:05:50 2017 CET <slavian@slavian>
# name: a
# type: range
# base, limit, increment
1 5 1


# name: ans
# type: scalar
2.718281828459045


# name: b
# type: matrix
# rows: 5
# columns: 1
 0.8410233774375588
 0.8717429734054453
 0.5831175714334085
 0.4173268025390967
 0.01997514260548232


# name: s
# type: matrix
# rows: 1
# columns: 31
 2.25 1.96 1.69 1.44 1.21 1 0.8099999999999998 0.6399999999999999 0.4899999999999999 0.36 0.25 0.1599999999999999 0.0899999999999999 0.03999999999999998 0.009999999999999974 0 0.01000000000000002 0.04000000000000007 0.09000000000000002 0.1600000000000001 0.25 0.3600000000000001 0.4900000000000003 0.6400000000000005 0.8100000000000006 1 1.21 1.44 1.690000000000001 1.960000000000001 2.25


# name: x
# type: range
# base, limit, increment
-1.5 1.5 0.1


# name: y
# type: complex matrix
# rows: 1
# columns: 31
 (0.4054651081081644,3.141592653589793) (0.3364722366212129,3.141592653589793) (0.2623642644674911,3.141592653589793) (0.1823215567939546,3.141592653589793) (0.09531017980432493,3.141592653589793) (0,3.141592653589793) (-0.1053605156578264,3.141592653589793) (-0.2231435513142098,3.141592653589793) (-0.3566749439387324,3.141592653589793) (-0.5108256237659907,3.141592653589793) (-0.6931471805599453,3.141592653589793) (-0.9162907318741553,3.141592653589793) (-1.203972804325937,3.141592653589793) (-1.609437912434101,3.141592653589793) (-2.302585092994047,3.141592653589793) (-Inf,0) (-2.302585092994045,0) (-1.609437912434099,0) (-1.203972804325936,0) (-0.9162907318741548,0) (-0.6931471805599453,0) (-0.5108256237659905,0) (-0.3566749439387321,0) (-0.2231435513142094,0) (-0.1053605156578259,0) (0,0) (0.09531017980432493,0) (0.1823215567939548,0) (0.2623642644674913,0) (0.3364722366212132,0) (0.4054651081081644,0)


# name: z
# type: matrix
# rows: 1
# columns: 31
 0.2231301601484298 0.2465969639416065 0.2725317930340126 0.3011942119122021 0.3328710836980796 0.3678794411714423 0.4065696597405992 0.4493289641172216 0.4965853037914096 0.5488116360940265 0.6065306597126334 0.6703200460356393 0.740818220681718 0.8187307530779819 0.9048374180359597 1 1.105170918075648 1.22140275816017 1.349858807576003 1.491824697641271 1.648721270700128 1.822118800390509 2.013752707470477 2.225540928492468 2.45960311115695 2.718281828459045 3.004166023946433 3.320116922736548 3.669296667619245 4.055199966844675 4.481689070338065


